Date : 12 juin 2026 à 12:00
Localisation : 62 Rue Olivier de Serres
75015 Paris
France
Latitude :48.83406235760591
Longitude : 2.295058131461829
Altitude : 51,4480942164718
Code postal : 75015