Date : 9 juin 2026 à 02:00
Localisation : 5 Rue Robert Lindet
75015 Paris
France
Latitude :48.83393798640554
Longitude : 2.295533938390428
Altitude : 53,1131594954197
Code postal : 