Date : 12 juin 2026 à 17:00
Localisation : 62 Boulevard Arago
75013 Paris
France
Latitude :48.83499546150095
Longitude : 2.34361170502895
Altitude : 44,4307894010191
Code postal : 75013