Date : 11 juin 2026 à 17:00
Localisation : 1 Rue Robert Lindet
75015 Paris
France
Latitude :48.83386705845385
Longitude : 2.295277238673196
Altitude : 68,4079062462169
Code postal : 75015