Date : 13 juin 2026 à 08:00
Localisation : 5 Rue Robert Lindet
75015 Paris
France
Latitude :48.83394376908116
Longitude : 2.29556729508241
Altitude : 66,3145988938586
Code postal : 75015