Date : 11 juin 2026 à 06:00
Localisation : 5 Rue Robert Lindet
75015 Paris
France
Latitude :48.83394228696248
Longitude : 2.295454880788308
Altitude : 0
Code postal : 75015