Date : 12 juin 2026 à 06:00
Localisation : 1 Rue Robert Lindet
75015 Paris
France
Latitude :48.83391038537157
Longitude : 2.295359313886917
Altitude : 49,8099602514495
Code postal : 75015