Date : 5 juin 2026 à 12:24
Localisation : 5 Rue Robert Lindet
75015 Paris
France
Latitude :48.83392448787248
Longitude : 2.295525649721957
Altitude : 52,7716848507111
Code postal : 75015