Date : 12 juin 2026 à 10:00
Localisation : 5 Rue Robert Lindet
75015 Paris
France
Latitude :48.83392148115543
Longitude : 2.295475723986631
Altitude : 51,4087945710734
Code postal : 75015