Date : 13 juin 2026 à 12:00
Localisation : 87 Rue Pascal
75013 Paris
France
Latitude :48.83348321790108
Longitude : 2.347318512947717
Altitude : 38,38738203137
Code postal : 75013