Date : 11 juin 2026 à 23:00
Localisation : 5 Rue Robert Lindet
75015 Paris
France
Latitude :48.83389721053004
Longitude : 2.295470787629194
Altitude : 62,2496567670631
Code postal : 75015