Date : 10 juin 2026 à 10:00
Localisation : 5 Rue Robert Lindet
75015 Paris
France
Latitude :48.83393762939389
Longitude : 2.295539820369703
Altitude : 57,1764653256349
Code postal : 75015