Date : 13 juin 2026 à 07:00
Localisation : 5 Rue Robert Lindet
75015 Paris
France
Latitude :48.83394386012497
Longitude : 2.295567088488071
Altitude : 66,3145988938586
Code postal : 75015