Date : 13 juin 2026 à 06:00
Localisation : 5 Rue Robert Lindet
75015 Paris
France
Latitude :48.83394354585723
Longitude : 2.295566116579797
Altitude : 66,3145988938586
Code postal : 75015