Date : 13 juin 2026 à 09:00
Localisation : 5 Rue Robert Lindet
75015 Paris
France
Latitude :48.83394375336366
Longitude : 2.295567298685521
Altitude : 56,4041318248091
Code postal : 75015