Date : 13 juin 2026 à 10:00
Localisation : 5 Rue Robert Lindet
75015 Paris
France
Latitude :48.83390525904323
Longitude : 2.295493186325864
Altitude : 59,7782900472413
Code postal : 75015