Date : 12 juin 2026 à 16:00
Localisation : 5 Rue Robert Lindet
75015 Paris
France
Latitude :48.83394154798246
Longitude : 2.295560447793134
Altitude : 56,4274361979049
Code postal : 75015