Date : 12 juin 2026 à 02:00
Localisation : 5 Rue Robert Lindet
75015 Paris
France
Latitude :48.83393645153073
Longitude : 2.295536198757403
Altitude : 52,9166274295782
Code postal : 75015