Date : 7 juin 2026 à 10:00
Localisation : 5 Rue Robert Lindet
75015 Paris
France
Latitude :48.83388933936934
Longitude : 2.295461347242651
Altitude : 68,409707660086
Code postal : 75015