Date : 4 juin 2026 à 22:59
Localisation : 33 Boulevard Arago
75013 Paris
France
Latitude :48.83540368097395
Longitude : 2.347965297413826
Altitude : 36,7804691970406
Code postal : 75013