Date : 9 juin 2026 à 06:00
Localisation : 5 Rue Robert Lindet
75015 Paris
France
Latitude :48.83393795875249
Longitude : 2.295533955446667
Altitude : 57,2019084273044
Code postal : 75015