Date : 11 juin 2026 à 02:00
Localisation : 1 Rue Robert Lindet
75015 Paris
France
Latitude :48.83391256119268
Longitude : 2.29536158924233
Altitude : 52,1663411484682
Code postal : 75015