Date : 11 juin 2026 à 20:01
Localisation : 5 Rue Robert Lindet
75015 Paris
France
Latitude :48.83389645541815
Longitude : 2.295471706058329
Altitude : 69,1000827533954
Code postal : 75015