Date : 6 juin 2026 à 18:00
Localisation : 5 Rue Robert Lindet
75015 Paris
France
Latitude :48.83392268359935
Longitude : 2.295520616313066
Altitude : 56,9001018675352
Code postal : 75015