Date : 11 juin 2026 à 22:00
Localisation : 5 Rue Robert Lindet
75015 Paris
France
Latitude :48.83389717928137
Longitude : 2.295470930483258
Altitude : 69,1000827533954
Code postal : 75015