Date : 10 juin 2026 à 19:00
Localisation : 5 Rue Robert Lindet
75015 Paris
France
Latitude :48.83393722588325
Longitude : 2.295538749381142
Altitude : 57,17715578584
Code postal : 75015