Date : 12 juin 2026 à 07:00
Localisation : 5 Rue Robert Lindet
75015 Paris
France
Latitude :48.83393487713077
Longitude : 2.295532225238196
Altitude : 56,8400987719858
Code postal : 75015