Date : 12 juin 2026 à 08:00
Localisation : 5 Rue Robert Lindet
75015 Paris
France
Latitude :48.83393774198459
Longitude : 2.295549690023582
Altitude : 52,0439575061592
Code postal : 75015