Date : 11 juin 2026 à 13:00
Localisation : 1 Rue Robert Lindet
75015 Paris
France
Latitude :48.83390031051072
Longitude : 2.295305676472909
Altitude : 68,4700827533954
Code postal : 75015