Date : 6 juin 2026 à 14:00
Localisation : 5 Rue Robert Lindet
75015 Paris
France
Latitude :48.83390234739355
Longitude : 2.295465416015857
Altitude : 57,0353276165211
Code postal : 75015