Date : 10 juin 2026 à 06:00
Localisation : 5 Rue Robert Lindet
75015 Paris
France
Latitude :48.83393739382066
Longitude : 2.295539737598549
Altitude : 68,767850424138
Code postal : 75015