Date : 13 juin 2026 à 02:00
Localisation : 5 Rue Robert Lindet
75015 Paris
France
Latitude :48.83394183152413
Longitude : 2.295560665263602
Altitude : 66,3145988938586
Code postal : 75015