Date : 10 juin 2026 à 02:00
Localisation : 5 Rue Robert Lindet
75015 Paris
France
Latitude :48.83393742111806
Longitude : 2.295539722159905
Altitude : 68,767850424138
Code postal : 75015