Date : 7 juin 2026 à 22:00
Localisation : 5 Rue Robert Lindet
75015 Paris
France
Latitude :48.83392180150373
Longitude : 2.295519166763514
Altitude : 67,8329196235899
Code postal : 75015