Date : 4 juin 2026 à 22:58
Localisation : 52 Rue Pascal
75013 Paris
France
Latitude :48.83497658528739
Longitude : 2.34797881949488
Altitude : 37,2602956007071
Code postal : 75013