Date : 12 juin 2026 à 11:00
Localisation : 5 Rue Robert Lindet
75015 Paris
France
Latitude :48.83389777223398
Longitude : 2.295471037625848
Altitude : 66,3384171430396
Code postal : 75015