Date : 12 juin 2026 à 23:00
Localisation : 5 Rue Robert Lindet
75015 Paris
France
Latitude :48.83390525904323
Longitude : 2.295493186325864
Altitude : 60,3545988938586
Code postal : 75015