Date : 12 juin 2026 à 14:00
Localisation : 5 Rue Robert Lindet
75015 Paris
France
Latitude :48.83390380875717
Longitude : 2.295527998999314
Altitude : 51,493411323037
Code postal : 75015