Date : 10 juin 2026 à 23:00
Localisation : 5 Rue Robert Lindet
75015 Paris
France
Latitude :48.83389472169365
Longitude : 2.295461851308654
Altitude : 64,4354656849982
Code postal : 75015