Date : 11 juin 2026 à 21:00
Localisation : 5 Rue Robert Lindet
75015 Paris
France
Latitude :48.83389653101107
Longitude : 2.29547168523019
Altitude : 69,1000827533954
Code postal : 75015